0 0 0 0 0 115701 114.074 2.137 0.006 0.004 113.574
0 1 0 0 1 115701 111.883 2.268 0.007 0.005 111.383
0 2 0 0 2 115701 142.563 2.372 0.007 0.005 142.063
0 3 0 0 3 115701 130.001 2.245 0.007 0.005 129.501
0 4 0 0 4 115701 102.075 1.856 0.005 0.004 101.575
0 5 0 0 5 115701 118.210 2.495 0.007 0.005 117.710
0 6 0 0 6 115701 156.875 2.485 0.007 0.005 156.375
0 7 0 0 7 115701 111.713 1.954 0.006 0.004 111.213
0 8 0 0 8 0 0.000 0.060 16.829 25.626 0.000
0 9 0 0 9 115701 85.698 1.872 0.006 0.004 85.198
0 10 0 0 10 115701 109.214 2.634 0.008 0.005 108.714
0 11 0 0 11 115701 113.668 1.943 0.006 0.004 113.168
0 12 0 0 12 115701 104.019 2.476 0.007 0.005 103.519
0 13 0 0 13 115701 101.951 2.311 0.007 0.005 101.451
0 14 0 0 14 115701 116.481 2.605 0.008 0.005 115.981
0 15 0 0 15 115701 104.696 2.308 0.007 0.005 104.196
0 16 0 0 16 115701 110.194 2.410 0.007 0.005 109.694
0 17 0 0 17 0 0.000 0.060 16.829 25.626 0.000
0 18 0 0 18 0 0.000 0.060 16.829 25.626 0.000
0 19 0 0 19 0 0.000 0.060 16.829 25.626 0.000
0 20 0 0 20 115701 137.243 1.964 0.006 0.004 136.743
0 21 0 0 21 115701 125.574 2.352 0.007 0.005 125.074
0 22 0 0 22 115701 105.615 1.748 0.005 0.004 105.115
0 23 0 0 23 115701 93.858 2.189 0.006 0.005 93.358
0 24 0 0 24 115701 128.504 1.861 0.005 0.004 128.004
0 25 0 0 25 115701 102.286 1.521 0.004 0.003 101.786
0 26 0 0 26 115701 149.394 2.805 0.008 0.006 148.894
0 27 0 0 27 115701 104.697 2.409 0.007 0.005 104.197
0 28 0 0 28 0 0.000 0.060 16.829 25.626 0.000
0 29 0 0 29 115701 107.504 2.391 0.007 0.005 107.004
0 30 0 0 30 115701 124.772 2.716 0.008 0.006 124.272
0 31 0 0 31 115701 89.693 2.118 0.006 0.004 89.193
0 32 0 0 32 115701 89.890 2.440 0.007 0.005 89.390
0 33 0 0 33 115701 115.043 2.301 0.007 0.005 114.543
0 34 0 0 34 115701 127.169 2.408 0.007 0.005 126.669
0 35 0 0 35 115701 81.540 2.078 0.006 0.004 81.040
0 36 0 0 36 115701 121.073 2.122 0.006 0.004 120.573
0 37 0 0 37 0 0.000 0.060 16.829 25.626 0.000
0 38 0 0 38 0 0.000 0.060 16.829 25.626 0.000
0 39 0 1 0 115701 110.445 1.978 0.006 0.004 109.945
0 40 0 1 1 115701 102.794 2.081 0.006 0.004 102.294
0 41 0 1 2 115701 100.620 2.419 0.007 0.005 100.120
0 42 0 1 3 115701 137.123 2.191 0.006 0.005 136.623
0 43 0 1 4 115701 130.061 2.082 0.006 0.004 129.561
0 44 0 1 5 115701 136.855 2.118 0.006 0.004 136.355
0 45 0 1 6 115701 129.371 2.195 0.006 0.005 128.871
0 46 0 1 7 115701 114.535 2.403 0.007 0.005 114.035
0 47 0 1 8 0 0.000 0.060 16.829 25.626 0.000
0 48 0 1 9 115701 121.940 2.269 0.007 0.005 121.440
0 49 0 1 10 115701 78.120 2.436 0.007 0.005 77.620
0 50 0 1 11 115701 87.541 2.236 0.007 0.005 87.041
0 51 0 1 12 115701 122.288 2.566 0.008 0.005 121.788
0 52 0 1 13 115701 112.141 2.018 0.006 0.004 111.641
0 53 0 1 14 115701 123.030 2.616 0.008 0.005 122.530
0 54 0 1 15 115701 104.442 2.158 0.006 0.004 103.942
0 55 0 1 16 115701 127.987 2.315 0.007 0.005 127.487
0 56 0 1 17 0 0.000 0.060 16.829 25.626 0.000
0 57 0 1 18 0 0.000 0.060 16.829 25.626 0.000
0 58 0 1 19 0 0.000 0.060 16.829 25.626 0.000
0 59 0 1 20 115701 106.768 2.011 0.006 0.004 106.268
0 60 0 1 21 115701 105.480 2.055 0.006 0.004 104.980
0 61 0 1 22 115701 88.845 2.238 0.007 0.005 88.345
0 62 0 1 23 115701 107.294 1.981 0.006 0.004 106.794
0 63 0 1 24 115701 111.977 2.013 0.006 0.004 111.476
0 64 0 1 25 115701 100.945 1.991 0.006 0.004 100.445
0 65 0 1 26 115701 121.645 2.171 0.006 0.005 121.144
0 66 0 1 27 115701 100.257 2.125 0.006 0.004 99.757
0 67 0 1 28 0 0.000 0.060 16.829 25.626 0.000
0 68 0 1 29 115701 90.222 2.051 0.006 0.004 89.722
0 69 0 1 30 115701 137.722 2.524 0.007 0.005 137.222
0 70 0 1 31 115701 111.145 2.147 0.006 0.004 110.645
0 71 0 1 32 115701 135.818 2.518 0.007 0.005 135.318
0 72 0 1 33 115701 105.427 2.194 0.006 0.005 104.927
0 73 0 1 34 115701 78.272 1.986 0.006 0.004 77.772
0 74 0 1 35 115701 87.063 1.987 0.006 0.004 86.563
0 75 0 1 36 115701 101.444 2.057 0.006 0.004 100.944
0 76 0 1 37 0 0.000 0.060 16.829 25.626 0.000
0 77 0 1 38 0 0.000 0.060 16.829 25.626 0.000
0 78 1 0 0 115701 101.139 1.900 0.006 0.004 100.639
0 79 1 0 1 115701 92.721 1.919 0.006 0.004 92.221
0 80 1 0 2 115701 82.344 2.052 0.006 0.004 81.844
0 81 1 0 3 115701 109.179 1.959 0.006 0.004 108.679
0 82 1 0 4 115701 103.402 2.109 0.006 0.004 102.902
0 83 1 0 5 115701 79.495 1.974 0.006 0.004 78.995
0 84 1 0 6 115701 121.610 1.534 0.005 0.003 121.110
0 85 1 0 7 115701 69.366 1.806 0.005 0.004 68.866
0 86 1 0 8 0 0.000 0.060 16.829 25.626 0.000
0 87 1 0 9 115701 118.510 1.684 0.005 0.004 118.010
0 88 1 0 10 115701 115.749 2.334 0.007 0.005 115.249
0 89 1 0 11 115701 97.318 1.689 0.005 0.004 96.818
0 90 1 0 12 115701 117.448 2.150 0.006 0.004 116.948
0 91 1 0 13 115701 94.975 1.863 0.005 0.004 94.475
0 92 1 0 14 115701 98.382 2.229 0.007 0.005 97.882
0 93 1 0 15 115701 118.811 2.007 0.006 0.004 118.311
0 94 1 0 16 115701 84.889 2.340 0.007 0.005 84.389
0 95 1 0 17 0 0.000 0.060 16.829 25.626 0.000
0 96 1 0 18 0 0.000 0.060 16.829 25.626 0.000
0 97 1 0 19 0 0.000 0.060 16.829 25.626 0.000
0 98 1 0 20 115701 87.833 2.187 0.006 0.005 87.333
0 99 1 0 21 115701 130.038 1.958 0.006 0.004 129.538
0 100 1 0 22 115701 114.863 1.969 0.006 0.004 114.363
0 101 1 0 23 115701 90.670 2.055 0.006 0.004 90.170
0 102 1 0 24 115701 104.154 1.888 0.006 0.004 103.654
0 103 1 0 25 115701 99.301 1.560 0.005 0.003 98.801
0 104 1 0 26 115701 128.140 2.440 0.007 0.005 127.640
0 105 1 0 27 115701 107.180 2.415 0.007 0.005 106.680
0 106 1 0 28 0 0.000 0.060 16.829 25.626 0.000
0 107 1 0 29 115701 97.401 2.101 0.006 0.004 96.901
0 108 1 0 30 115701 103.298 2.388 0.007 0.005 102.798
0 109 1 0 31 115701 96.124 1.845 0.005 0.004 95.624
0 110 1 0 32 115701 110.208 1.952 0.006 0.004 109.708
0 111 1 0 33 115701 83.168 2.085 0.006 0.004 82.668
0 112 1 0 34 115701 92.709 2.196 0.006 0.005 92.209
0 113 1 0 35 115701 90.535 2.265 0.007 0.005 90.035
0 114 1 0 36 115701 73.865 2.329 0.007 0.005 73.365
0 115 1 0 37 0 0.000 0.060 16.829 25.626 0.000
0 116 1 0 38 0 0.000 0.060 16.829 25.626 0.000
0 117 1 1 0 115701 123.178 1.795 0.005 0.004 122.678
0 118 1 1 1 115701 138.782 1.897 0.006 0.004 138.282
0 119 1 1 2 115701 132.883 2.021 0.006 0.004 132.383
0 120 1 1 3 115701 134.887 1.998 0.006 0.004 134.387
0 121 1 1 4 115701 142.779 1.977 0.006 0.004 142.279
0 122 1 1 5 115701 98.011 0.892 0.003 0.002 97.511
0 123 1 1 6 115701 129.433 2.043 0.006 0.004 128.933
0 124 1 1 7 115701 102.243 2.146 0.006 0.004 101.743
0 125 1 1 8 0 0.000 0.060 16.829 25.626 0.000
0 126 1 1 9 115701 84.396 2.031 0.006 0.004 83.896
0 127 1 1 10 115701 128.094 2.196 0.006 0.005 127.594
0 128 1 1 11 115701 121.022 2.026 0.006 0.004 120.522
0 129 1 1 12 115701 136.756 2.432 0.007 0.005 136.256
0 130 1 1 13 115701 153.130 1.934 0.006 0.004 152.630
0 131 1 1 14 115701 144.093 2.506 0.007 0.005 143.593
0 132 1 1 15 115701 0.000 0.060 16.829 25.626 512.000
0 133 1 1 16 115701 167.514 2.410 0.007 0.005 167.014
0 134 1 1 17 0 0.000 0.060 16.829 25.626 0.000
0 135 1 1 18 0 0.000 0.060 16.829 25.626 0.000
0 136 1 1 19 0 0.000 0.060 16.829 25.626 0.000
0 137 1 1 20 115701 121.022 2.163 0.006 0.004 120.522
0 138 1 1 21 115701 123.690 2.245 0.007 0.005 123.190
0 139 1 1 22 115701 129.651 2.387 0.007 0.005 129.151
0 140 1 1 23 115701 101.041 2.262 0.007 0.005 100.541
0 141 1 1 24 115701 128.754 2.196 0.006 0.005 128.254
0 142 1 1 25 115701 98.275 1.952 0.006 0.004 97.775
0 143 1 1 26 115701 105.392 2.145 0.006 0.004 104.892
0 144 1 1 27 115701 147.887 2.179 0.006 0.005 147.387
0 145 1 1 28 0 0.000 0.060 16.829 25.626 0.000
0 146 1 1 29 115701 116.386 2.184 0.006 0.005 115.886
0 147 1 1 30 115701 148.353 2.559 0.008 0.005 147.853
0 148 1 1 31 115701 102.369 2.446 0.007 0.005 101.869
0 149 1 1 32 115701 125.022 2.610 0.008 0.005 124.522
0 150 1 1 33 115701 115.072 2.371 0.007 0.005 114.572
0 151 1 1 34 115701 129.697 1.964 0.006 0.004 129.197
0 152 1 1 35 115701 103.626 2.126 0.006 0.004 103.126
0 153 1 1 36 115701 132.489 2.191 0.006 0.005 131.989
0 154 1 1 37 0 0.000 0.060 16.829 25.626 0.000
0 155 1 1 38 0 0.000 0.060 16.829 25.626 0.000
0 156 2 0 0 115701 100.068 1.979 0.006 0.004 99.568
0 157 2 0 1 115701 88.779 1.938 0.006 0.004 88.279
0 158 2 0 2 115701 99.383 2.063 0.006 0.004 98.883
0 159 2 0 3 115701 90.779 2.129 0.006 0.004 90.279
0 160 2 0 4 115701 100.729 1.734 0.005 0.004 100.229
0 161 2 0 5 115701 110.207 2.275 0.007 0.005 109.707
0 162 2 0 6 115701 127.528 2.798 0.008 0.006 127.028
0 163 2 0 7 115701 122.570 2.031 0.006 0.004 122.070
0 164 2 0 8 0 0.000 0.060 16.829 25.626 0.000
0 165 2 0 9 115701 103.822 1.953 0.006 0.004 103.322
0 166 2 0 10 115701 96.928 2.703 0.008 0.006 96.428
0 167 2 0 11 115701 82.500 0.001 0.000 1.147 82.000
0 168 2 0 12 115701 109.306 2.440 0.007 0.005 108.806
0 169 2 0 13 115701 123.952 0.972 0.003 0.002 123.452
0 170 2 0 14 115701 102.880 2.322 0.007 0.005 102.380
0 171 2 0 15 115701 80.561 2.226 0.007 0.005 80.061
0 172 2 0 16 115701 105.017 2.330 0.007 0.005 104.517
0 173 2 0 17 0 0.000 0.060 16.829 25.626 0.000
0 174 2 0 18 0 0.000 0.060 16.829 25.626 0.000
0 175 2 0 19 0 0.000 0.060 16.829 25.626 0.000
0 176 2 0 20 115701 80.500 0.001 0.000 1.147 80.000
0 177 2 0 21 115701 84.852 1.781 0.005 0.004 84.352
0 178 2 0 22 115701 69.500 0.001 0.000 1.230 69.000
0 179 2 0 23 115701 111.583 2.138 0.006 0.004 111.083
0 180 2 0 24 115701 105.184 2.059 0.006 0.004 104.684
0 181 2 0 25 115701 95.846 1.497 0.004 0.003 95.346
0 182 2 0 26 115701 128.269 2.595 0.008 0.005 127.769
0 183 2 0 27 115701 118.131 2.326 0.007 0.005 117.631
0 184 2 0 28 0 0.000 0.060 16.829 25.626 0.000
0 185 2 0 29 115701 87.703 2.144 0.006 0.004 87.203
0 186 2 0 30 115701 122.793 2.509 0.007 0.005 122.293
0 187 2 0 31 115701 104.112 2.295 0.007 0.000 103.613
0 188 2 0 32 115701 92.293 2.017 0.006 0.004 91.793
0 189 2 0 33 115701 122.448 2.492 0.007 0.005 121.948
0 190 2 0 34 115701 105.449 2.225 0.007 0.005 104.949
0 191 2 0 35 115701 131.978 1.908 0.006 0.004 131.478
0 192 2 0 36 115701 98.567 1.978 0.006 0.004 98.067
0 193 2 0 37 0 0.000 0.060 16.829 25.626 0.000
0 194 2 0 38 0 0.000 0.060 16.829 25.626 0.000
0 195 2 1 0 115701 125.329 2.109 0.006 0.004 124.829
0 196 2 1 1 115701 100.401 2.075 0.006 0.004 99.901
0 197 2 1 2 115701 131.536 2.258 0.007 0.005 131.036
0 198 2 1 3 115701 135.658 2.174 0.006 0.005 135.158
0 199 2 1 4 115701 120.090 2.369 0.007 0.005 119.590
0 200 2 1 5 115701 151.540 2.065 0.006 0.004 151.040
0 201 2 1 6 115701 142.231 2.316 0.007 0.005 141.731
0 202 2 1 7 115701 138.250 2.368 0.007 0.005 137.750
0 203 2 1 8 0 0.000 0.060 16.829 25.626 0.000
0 204 2 1 9 115701 99.586 2.175 0.006 0.005 99.086
0 205 2 1 10 115701 149.309 2.656 0.008 0.006 148.809
0 206 2 1 11 115701 117.620 2.258 0.007 0.005 117.119
0 207 2 1 12 115701 143.309 2.741 0.008 0.006 142.809
0 208 2 1 13 115701 110.294 2.072 0.006 0.004 109.794
0 209 2 1 14 115701 166.899 2.934 0.009 0.006 166.399
0 210 2 1 15 115701 134.637 2.313 0.007 0.005 134.137
0 211 2 1 16 115701 134.994 2.722 0.008 0.006 134.494
0 212 2 1 17 0 0.000 0.060 16.829 25.626 0.000
0 213 2 1 18 0 0.000 0.060 16.829 25.626 0.000
0 214 2 1 19 0 0.000 0.060 16.829 25.626 0.000
0 215 2 1 20 115701 102.819 2.061 0.006 0.004 102.319
0 216 2 1 21 115701 124.523 2.181 0.006 0.005 124.023
0 217 2 1 22 115701 115.777 2.264 0.007 0.005 115.277
0 218 2 1 23 115701 110.168 1.981 0.006 0.004 109.668
0 219 2 1 24 115701 121.929 2.171 0.006 0.005 121.429
0 220 2 1 25 115701 115.880 1.962 0.006 0.004 115.380
0 221 2 1 26 115701 114.400 2.278 0.007 0.005 113.900
0 222 2 1 27 115701 134.725 2.124 0.006 0.004 134.225
0 223 2 1 28 0 0.000 0.060 16.829 25.626 0.000
0 224 2 1 29 115701 133.656 2.145 0.006 0.004 133.156
0 225 2 1 30 115701 139.764 2.610 0.008 0.005 139.264
0 226 2 1 31 115701 149.462 2.364 0.007 0.005 148.962
0 227 2 1 32 115701 147.246 2.474 0.007 0.005 146.746
0 228 2 1 33 115701 127.937 2.247 0.007 0.000 127.440
0 229 2 1 34 115701 144.652 2.170 0.006 0.005 144.152
0 230 2 1 35 115701 111.744 1.640 0.005 0.003 111.244
0 231 2 1 36 115701 128.671 2.019 0.006 0.004 128.171
0 232 2 1 37 0 0.000 0.060 16.829 25.626 0.000
0 233 2 1 38 0 0.000 0.060 16.829 25.626 0.000
1 0 0 0 0 115701 128.214 1.615 0.005 0.003 127.714
1 1 0 0 1 115701 76.691 1.029 0.003 0.002 76.191
1 2 0 0 2 115701 112.701 1.677 0.005 0.003 112.201
1 3 0 0 3 115701 59.992 1.815 0.005 0.004 59.492
1 4 0 0 4 115701 88.486 1.450 0.004 0.003 87.986
1 5 0 0 5 115701 90.469 1.928 0.006 0.004 89.969
1 6 0 0 6 115701 105.934 1.836 0.005 0.004 105.434
1 7 0 0 7 115701 92.163 1.613 0.005 0.003 91.663
1 8 0 0 8 0 0.000 0.060 16.829 25.626 0.000
1 9 0 0 9 115701 79.913 1.381 0.004 0.003 79.413
1 10 0 0 10 115701 70.274 1.872 0.006 0.004 69.774
1 11 0 0 11 115701 77.399 1.488 0.004 0.003 76.899
1 12 0 0 12 115701 93.882 3.104 0.009 0.000 93.383
1 13 0 0 13 115701 118.636 1.568 0.005 0.003 118.136
1 14 0 0 14 115701 70.698 1.698 0.005 0.004 70.198
1 15 0 0 15 115701 77.034 1.679 0.005 0.003 76.534
1 16 0 0 16 115701 100.914 1.778 0.005 0.004 100.414
1 17 0 0 17 0 0.000 0.060 16.829 25.626 0.000
1 18 0 0 18 0 0.000 0.060 16.829 25.626 0.000
1 19 0 0 19 0 0.000 0.060 16.829 25.626 0.000
1 20 0 0 20 115701 108.021 1.550 0.005 0.003 107.521
1 21 0 0 21 115701 105.748 1.654 0.005 0.003 105.248
1 22 0 0 22 115701 117.997 1.448 0.004 0.003 117.497
1 23 0 0 23 115701 129.331 1.526 0.004 0.003 128.831
1 24 0 0 24 115701 75.897 1.559 0.005 0.003 75.397
1 25 0 0 25 115701 84.002 1.364 0.004 0.003 83.502
1 26 0 0 26 115701 108.536 1.824 0.005 0.004 108.036
1 27 0 0 27 115701 143.206 1.807 0.005 0.004 142.706
1 28 0 0 28 0 0.000 0.060 16.829 25.626 0.000
1 29 0 0 29 115701 141.273 1.840 0.005 0.004 140.773
1 30 0 0 30 115701 111.283 1.671 0.005 0.003 110.783
1 31 0 0 31 115701 111.760 1.580 0.005 0.003 111.260
1 32 0 0 32 115701 96.724 2.006 0.006 0.004 96.224
1 33 0 0 33 115701 128.601 1.553 0.005 0.003 128.101
1 34 0 0 34 115701 129.938 1.674 0.005 0.003 129.438
1 35 0 0 35 115701 79.958 1.638 0.005 0.003 79.458
1 36 0 0 36 115701 93.524 1.688 0.005 0.004 93.024
1 37 0 0 37 0 0.000 0.060 16.829 25.626 0.000
1 38 0 0 38 0 0.000 0.060 16.829 25.626 0.000
1 39 0 1 0 115701 80.221 1.588 0.005 0.003 79.721
1 40 0 1 1 115701 24.603 1.723 0.005 0.004 24.103
1 41 0 1 2 115701 47.811 1.720 0.005 0.004 47.311
1 42 0 1 3 115701 71.656 1.700 0.005 0.004 71.156
1 43 0 1 4 115701 91.741 1.670 0.005 0.003 91.241
1 44 0 1 5 115701 58.605 1.659 0.005 0.003 58.105
1 45 0 1 6 115701 67.338 1.633 0.005 0.003 66.838
1 46 0 1 7 115701 59.335 1.705 0.005 0.004 58.835
1 47 0 1 8 0 0.000 0.060 16.829 25.626 0.000
1 48 0 1 9 115701 69.569 1.697 0.005 0.004 69.069
1 49 0 1 10 115701 94.134 1.628 0.005 0.003 93.634
1 50 0 1 11 115701 86.422 1.669 0.005 0.003 85.922
1 51 0 1 12 115701 50.870 1.704 0.005 0.004 50.370
1 52 0 1 13 115701 71.720 1.704 0.005 0.004 71.220
1 53 0 1 14 115701 30.748 1.640 0.005 0.003 30.248
1 54 0 1 15 115701 85.438 1.659 0.005 0.003 84.938
1 55 0 1 16 115701 61.082 1.768 0.005 0.004 60.582
1 56 0 1 17 0 0.000 0.060 16.829 25.626 0.000
1 57 0 1 18 0 0.000 0.060 16.829 25.626 0.000
1 58 0 1 19 0 0.000 0.060 16.829 25.626 0.000
1 59 0 1 20 115701 92.230 1.535 0.005 0.003 91.730
1 60 0 1 21 115701 68.900 1.693 0.005 0.004 68.400
1 61 0 1 22 115701 82.962 1.768 0.005 0.004 82.462
1 62 0 1 23 115701 69.994 1.805 0.005 0.004 69.494
1 63 0 1 24 115701 76.093 1.648 0.005 0.003 75.593
1 64 0 1 25 115701 91.189 1.582 0.005 0.003 90.689
1 65 0 1 26 115701 101.742 1.671 0.005 0.003 101.242
1 66 0 1 27 115701 108.063 1.702 0.005 0.004 107.563
1 67 0 1 28 0 0.000 0.060 16.829 25.626 0.000
1 68 0 1 29 115701 77.021 1.795 0.005 0.004 76.521
1 69 0 1 30 115701 93.150 1.893 0.006 0.004 92.650
1 70 0 1 31 115701 96.282 1.968 0.006 0.004 95.782
1 71 0 1 32 115701 87.695 2.076 0.006 0.004 87.195
1 72 0 1 33 115701 32.285 1.823 0.005 0.004 31.785
1 73 0 1 34 115701 83.561 1.792 0.005 0.004 83.061
1 74 0 1 35 115701 62.408 1.731 0.005 0.004 61.908
1 75 0 1 36 115701 113.437 1.799 0.005 0.004 112.937
1 76 0 1 37 0 0.000 0.060 16.829 25.626 0.000
1 77 0 1 38 0 0.000 0.060 16.829 25.626 0.000
1 78 1 0 0 115701 94.880 1.751 0.005 0.004 94.380
1 79 1 0 1 115701 103.802 1.900 0.006 0.004 103.302
1 80 1 0 2 115701 127.801 1.751 0.005 0.004 127.301
1 81 1 0 3 115701 130.083 1.598 0.005 0.003 129.583
1 82 1 0 4 115701 101.831 1.925 0.006 0.004 101.331
1 83 1 0 5 115701 155.296 1.983 0.006 0.004 154.796
1 84 1 0 6 115701 117.362 1.508 0.004 0.003 116.862
1 85 1 0 7 115701 130.457 1.519 0.004 0.003 129.957
1 86 1 0 8 0 0.000 0.060 16.829 25.626 0.000
1 87 1 0 9 115701 112.867 1.518 0.004 0.003 112.367
1 88 1 0 10 115701 115.523 1.956 0.006 0.004 115.023
1 89 1 0 11 115701 113.062 1.767 0.005 0.004 112.562
1 90 1 0 12 115701 120.783 1.676 0.005 0.003 120.283
1 91 1 0 13 115701 133.187 1.751 0.005 0.004 132.687
1 92 1 0 14 115701 116.539 1.764 0.005 0.004 116.039
1 93 1 0 15 115701 112.476 2.265 0.007 0.005 111.976
1 94 1 0 16 115701 96.481 1.844 0.005 0.004 95.981
1 95 1 0 17 0 0.000 0.060 16.829 25.626 0.000
1 96 1 0 18 0 0.000 0.060 16.829 25.626 0.000
1 97 1 0 19 0 0.000 0.060 16.829 25.626 0.000
1 98 1 0 20 115701 113.181 1.816 0.005 0.004 112.681
1 99 1 0 21 115701 138.641 1.901 0.006 0.004 138.141
1 100 1 0 22 115701 116.595 1.905 0.006 0.004 116.095
1 101 1 0 23 115701 114.887 1.925 0.006 0.004 114.387
1 102 1 0 24 115701 104.650 1.597 0.005 0.003 104.150
1 103 1 0 25 115701 90.947 1.440 0.004 0.003 90.447
1 104 1 0 26 115701 103.422 2.103 0.006 0.004 102.922
1 105 1 0 27 115701 107.378 2.148 0.006 0.004 106.878
1 106 1 0 28 0 0.000 0.060 16.829 25.626 0.000
1 107 1 0 29 115701 126.160 2.010 0.006 0.004 125.660
1 108 1 0 30 115701 102.436 2.077 0.006 0.004 101.936
1 109 1 0 31 115701 109.273 1.761 0.005 0.004 108.773
1 110 1 0 32 115701 120.226 1.841 0.005 0.004 119.726
1 111 1 0 33 115701 112.339 1.805 0.005 0.004 111.839
1 112 1 0 34 115701 119.838 1.238 0.004 0.003 119.338
1 113 1 0 35 115701 111.157 2.006 0.006 0.004 110.657
1 114 1 0 36 115701 108.405 2.557 0.008 0.005 107.905
1 115 1 0 37 0 0.000 0.060 16.829 25.626 0.000
1 116 1 0 38 0 0.000 0.060 16.829 25.626 0.000
1 117 1 1 0 115701 110.742 1.582 0.005 0.003 110.242
1 118 1 1 1 115701 141.611 1.665 0.005 0.003 141.111
1 119 1 1 2 115701 121.320 1.680 0.005 0.003 120.820
1 120 1 1 3 115701 109.112 1.816 0.005 0.004 108.612
1 121 1 1 4 115701 143.750 1.670 0.005 0.003 143.250
1 122 1 1 5 115701 97.268 1.680 0.005 0.003 96.768
1 123 1 1 6 115701 104.690 1.659 0.005 0.003 104.190
1 124 1 1 7 115701 89.272 1.662 0.005 0.003 88.772
1 125 1 1 8 0 0.000 0.060 16.829 25.626 0.000
1 126 1 1 9 115701 114.244 1.675 0.005 0.003 113.744
1 127 1 1 10 115701 153.974 1.673 0.005 0.003 153.474
1 128 1 1 11 115701 108.747 1.714 0.005 0.004 108.247
1 129 1 1 12 115701 89.278 1.716 0.005 0.004 88.778
1 130 1 1 13 115701 128.068 1.574 0.005 0.003 127.568
1 131 1 1 14 115701 119.604 1.753 0.005 0.004 119.104
1 132 1 1 15 115701 135.043 1.737 0.005 0.004 134.543
1 133 1 1 16 115701 119.908 1.808 0.005 0.004 119.408
1 134 1 1 17 0 0.000 0.060 16.829 25.626 0.000
1 135 1 1 18 0 0.000 0.060 16.829 25.626 0.000
1 136 1 1 19 0 0.000 0.060 16.829 25.626 0.000
1 137 1 1 20 115701 98.674 1.594 0.005 0.003 98.174
1 138 1 1 21 115701 97.239 1.757 0.005 0.004 96.739
1 139 1 1 22 115701 138.058 1.870 0.005 0.004 137.558
1 140 1 1 23 115701 104.134 1.933 0.006 0.004 103.634
1 141 1 1 24 115701 116.616 1.781 0.005 0.004 116.116
1 142 1 1 25 115701 106.642 1.669 0.005 0.003 106.142
1 143 1 1 26 115701 120.631 1.765 0.005 0.004 120.131
1 144 1 1 27 115701 148.816 1.830 0.005 0.004 148.316
1 145 1 1 28 0 0.000 0.060 16.829 25.626 0.000
1 146 1 1 29 115701 81.610 1.917 0.006 0.004 81.110
1 147 1 1 30 115701 0.000 0.060 16.829 25.626 1.000
1 148 1 1 31 115701 109.255 2.205 0.006 0.005 108.755
1 149 1 1 32 115701 114.555 2.196 0.006 0.005 114.055
1 150 1 1 33 115701 147.425 2.300 0.007 0.005 146.925
1 151 1 1 34 115701 137.720 1.948 0.006 0.004 137.220
1 152 1 1 35 115701 121.451 0.918 0.003 0.002 120.951
1 153 1 1 36 115701 112.663 2.461 0.007 0.005 112.163
1 154 1 1 37 0 0.000 0.060 16.829 25.626 0.000
1 155 1 1 38 0 0.000 0.060 16.829 25.626 0.000
1 156 2 0 0 115701 130.422 1.562 0.005 0.003 129.922
1 157 2 0 1 115701 92.182 1.886 0.006 0.004 91.682
1 158 2 0 2 115701 82.765 1.609 0.005 0.003 82.265
1 159 2 0 3 115701 92.435 1.929 0.006 0.004 91.935
1 160 2 0 4 115701 113.989 1.404 0.004 0.003 113.489
1 161 2 0 5 115701 90.291 2.079 0.006 0.004 89.791
1 162 2 0 6 115701 103.993 2.183 0.006 0.005 103.493
1 163 2 0 7 115701 70.842 1.835 0.005 0.004 70.342
1 164 2 0 8 0 0.000 0.060 16.829 25.626 0.000
1 165 2 0 9 115701 96.522 1.849 0.005 0.004 96.022
1 166 2 0 10 115701 103.056 1.795 0.005 0.004 102.556
1 167 2 0 11 115701 62.572 2.086 0.006 0.004 62.072
1 168 2 0 12 115701 103.973 1.640 0.005 0.003 103.473
1 169 2 0 13 115701 105.744 1.574 0.005 0.003 105.244
1 170 2 0 14 115701 61.632 1.688 0.005 0.004 61.132
1 171 2 0 15 115701 110.500 0.001 0.000 1.143 110.000
1 172 2 0 16 115701 122.222 1.784 0.005 0.004 121.722
1 173 2 0 17 0 0.000 0.060 16.829 25.626 0.000
1 174 2 0 18 0 0.000 0.060 16.829 25.626 0.000
1 175 2 0 19 0 0.000 0.060 16.829 25.626 0.000
1 176 2 0 20 115701 104.843 0.914 0.003 0.002 104.343
1 177 2 0 21 115701 81.545 0.913 0.003 0.002 81.045
1 178 2 0 22 115701 91.242 1.623 0.005 0.003 90.742
1 179 2 0 23 115701 80.751 1.934 0.006 0.004 80.251
1 180 2 0 24 115701 87.843 1.718 0.005 0.004 87.343
1 181 2 0 25 115701 94.226 1.359 0.004 0.003 93.726
1 182 2 0 26 115701 105.452 1.945 0.006 0.004 104.952
1 183 2 0 27 115701 84.351 2.141 0.006 0.004 83.851
1 184 2 0 28 0 0.000 0.060 16.829 25.626 0.000
1 185 2 0 29 115701 87.885 1.709 0.005 0.004 87.385
1 186 2 0 30 115701 72.492 1.825 0.005 0.004 71.992
1 187 2 0 31 115701 98.098 1.719 0.005 0.004 97.598
1 188 2 0 32 115701 71.391 1.748 0.005 0.004 70.891
1 189 2 0 33 115701 65.626 2.466 0.005 0.007 65.128
1 190 2 0 34 115701 123.077 1.915 0.006 0.004 122.577
1 191 2 0 35 115701 66.935 1.786 0.005 0.004 66.435
1 192 2 0 36 115701 90.177 1.821 0.005 0.004 89.677
1 193 2 0 37 0 0.000 0.060 16.829 25.626 0.000
1 194 2 0 38 0 0.000 0.060 16.829 25.626 0.000
1 195 2 1 0 115701 71.323 1.623 0.005 0.003 70.823
1 196 2 1 1 115701 58.956 1.606 0.005 0.003 58.456
1 197 2 1 2 115701 93.261 1.645 0.005 0.003 92.761
1 198 2 1 3 115701 78.786 1.511 0.004 0.003 78.286
1 199 2 1 4 115701 83.491 1.616 0.005 0.003 82.991
1 200 2 1 5 115701 58.534 1.564 0.005 0.003 58.034
1 201 2 1 6 115701 101.487 1.669 0.005 0.003 100.987
1 202 2 1 7 115701 65.362 1.452 0.004 0.003 64.862
1 203 2 1 8 0 0.000 0.060 16.829 25.626 0.000
1 204 2 1 9 115701 107.925 1.572 0.005 0.003 107.425
1 205 2 1 10 115701 101.787 1.708 0.005 0.004 101.287
1 206 2 1 11 115701 108.153 1.652 0.005 0.003 107.653
1 207 2 1 12 115701 96.345 1.631 0.005 0.003 95.844
1 208 2 1 13 115701 89.230 1.587 0.005 0.003 88.730
1 209 2 1 14 115701 65.184 1.587 0.005 0.003 64.684
1 210 2 1 15 115701 42.609 1.642 0.005 0.003 42.109
1 211 2 1 16 115701 119.855 1.741 0.005 0.004 119.355
1 212 2 1 17 0 0.000 0.060 16.829 25.626 0.000
1 213 2 1 18 0 0.000 0.060 16.829 25.626 0.000
1 214 2 1 19 0 0.000 0.060 16.829 25.626 0.000
1 215 2 1 20 115701 64.226 1.490 0.004 0.003 63.726
1 216 2 1 21 115701 94.273 1.635 0.005 0.003 93.773
1 217 2 1 22 115701 115.914 1.766 0.005 0.004 115.414
1 218 2 1 23 115701 154.602 1.695 0.005 0.004 154.102
1 219 2 1 24 115701 98.909 1.624 0.005 0.003 98.409
1 220 2 1 25 115701 80.447 1.486 0.004 0.003 79.947
1 221 2 1 26 115701 70.492 1.647 0.005 0.003 69.992
1 222 2 1 27 115701 110.012 1.647 0.005 0.003 109.512
1 223 2 1 28 0 0.000 0.060 16.829 25.626 0.000
1 224 2 1 29 115701 104.877 1.788 0.005 0.004 104.377
1 225 2 1 30 115701 103.474 1.896 0.006 0.004 102.974
1 226 2 1 31 115701 104.097 1.890 0.006 0.004 103.597
1 227 2 1 32 115701 91.999 2.060 0.006 0.004 91.499
1 228 2 1 33 115701 120.713 1.847 0.005 0.004 120.213
1 229 2 1 34 115701 93.448 1.771 0.005 0.004 92.948
1 230 2 1 35 115701 111.993 1.697 0.005 0.004 111.493
1 231 2 1 36 115701 117.154 1.862 0.005 0.004 116.654
1 232 2 1 37 0 0.000 0.060 16.829 25.626 0.000
1 233 2 1 38 0 0.000 0.060 16.829 25.626 0.000
